1 1708942326 0.000000 1 0.000000 0.000000 0.000000
2 1708942326 0.000000 1 0.000000 0.000000 0.000000
3 1708942326 0.000000 1 0.000000 0.000000 0.000000
4 1708942326 0.000000 1 0.000000 0.000000 0.000000
1 1708942327 1.000000 1 1.000000 1.000000 1.000000
2 1708942327 0.000000 1 0.000000 0.000000 0.000000
3 1708942327 0.000000 1 0.000000 0.000000 0.000000
4 1708942327 0.000000 1 0.000000 0.000000 0.000000
1 1708942328 1.000000 1 1.000000 1.000000 1.000000
2 1708942328 0.000000 1 0.000000 0.000000 0.000000
3 1708942328 0.000000 1 0.000000 0.000000 0.000000
4 1708942328 0.000000 1 0.000000 0.000000 0.000000
1 1708942329 1.000000 1 1.000000 1.000000 1.000000
2 1708942329 0.000000 1 0.000000 0.000000 0.000000
3 1708942329 0.000000 1 0.000000 0.000000 0.000000
4 1708942329 0.000000 1 0.000000 0.000000 0.000000
1 1708942330 1.000000 1 1.000000 1.000000 1.000000
2 1708942330 0.000000 1 0.000000 0.000000 0.000000
3 1708942330 0.000000 1 0.000000 0.000000 0.000000
4 1708942330 0.000000 1 0.000000 0.000000 0.000000
1 1708942331 1.000000 1 1.000000 1.000000 1.000000
2 1708942331 0.000000 1 0.000000 0.000000 0.000000
3 1708942331 0.000000 1 0.000000 0.000000 0.000000
4 1708942331 0.000000 1 0.000000 0.000000 0.000000
1 1708942332 1.000000 1 1.000000 1.000000 1.000000
2 1708942332 0.000000 1 0.000000 0.000000 0.000000
3 1708942332 0.000000 1 0.000000 0.000000 0.000000
4 1708942332 0.000000 1 0.000000 0.000000 0.000000
1 1708942333 1.000000 1 1.000000 1.000000 1.000000
2 1708942333 0.000000 1 0.000000 0.000000 0.000000
3 1708942333 0.000000 1 0.000000 0.000000 0.000000
4 1708942333 0.000000 1 0.000000 0.000000 0.000000
1 1708942334 1.000000 1 1.000000 1.000000 1.000000
2 1708942334 0.000000 1 0.000000 0.000000 0.000000
3 1708942334 0.000000 1 0.000000 0.000000 0.000000
4 1708942334 0.000000 1 0.000000 0.000000 0.000000
1 1708942335 1.000000 1 1.000000 1.000000 1.000000
2 1708942335 0.000000 1 0.000000 0.000000 0.000000
3 1708942335 0.000000 1 0.000000 0.000000 0.000000
4 1708942335 0.000000 1 0.000000 0.000000 0.000000
1 1708942336 1.000000 1 1.000000 1.000000 1.000000
2 1708942336 0.000000 1 0.000000 0.000000 0.000000
3 1708942336 0.000000 1 0.000000 0.000000 0.000000
4 1708942336 0.000000 1 0.000000 0.000000 0.000000
1 1708942337 1.000000 1 1.000000 1.000000 1.000000
2 1708942337 0.000000 1 0.000000 0.000000 0.000000
3 1708942337 0.000000 1 0.000000 0.000000 0.000000
4 1708942337 0.000000 1 0.000000 0.000000 0.000000
1 1708942338 1.000000 1 1.000000 1.000000 1.000000
2 1708942338 0.000000 1 0.000000 0.000000 0.000000
3 1708942338 0.000000 1 0.000000 0.000000 0.000000
4 1708942338 0.000000 1 0.000000 0.000000 0.000000
1 1708942339 1.000000 1 1.000000 1.000000 1.000000
2 1708942339 0.000000 1 0.000000 0.000000 0.000000
3 1708942339 0.000000 1 0.000000 0.000000 0.000000
4 1708942339 0.000000 1 0.000000 0.000000 0.000000
1 1708942340 1.000000 1 1.000000 1.000000 1.000000
2 1708942340 0.000000 1 0.000000 0.000000 0.000000
3 1708942340 0.000000 1 0.000000 0.000000 0.000000
4 1708942340 0.000000 1 0.000000 0.000000 0.000000
1 1708942341 2.000000 1 2.000000 2.000000 2.000000
2 1708942341 0.000000 1 0.000000 0.000000 0.000000
3 1708942341 0.000000 1 0.000000 0.000000 0.000000
4 1708942341 0.000000 1 0.000000 0.000000 0.000000
1 1708942342 2.000000 1 2.000000 2.000000 2.000000
2 1708942342 0.000000 1 0.000000 0.000000 0.000000
3 1708942342 0.000000 1 0.000000 0.000000 0.000000
4 1708942342 0.000000 1 0.000000 0.000000 0.000000
1 1708942343 2.000000 1 2.000000 2.000000 2.000000
2 1708942343 0.000000 1 0.000000 0.000000 0.000000
3 1708942343 0.000000 1 0.000000 0.000000 0.000000
4 1708942343 0.000000 1 0.000000 0.000000 0.000000
1 1708942344 2.000000 1 2.000000 2.000000 2.000000
2 1708942344 0.000000 1 0.000000 0.000000 0.000000
3 1708942344 0.000000 1 0.000000 0.000000 0.000000
4 1708942344 0.000000 1 0.000000 0.000000 0.000000
1 1708942345 2.000000 1 2.000000 2.000000 2.000000
2 1708942345 0.000000 1 0.000000 0.000000 0.000000
3 1708942345 0.000000 1 0.000000 0.000000 0.000000
4 1708942345 0.000000 1 0.000000 0.000000 0.000000
1 1708942347 2.000000 1 2.000000 2.000000 2.000000
2 1708942347 0.000000 1 0.000000 0.000000 0.000000
3 1708942347 0.000000 1 0.000000 0.000000 0.000000
4 1708942347 0.000000 1 0.000000 0.000000 0.000000
1 1708942348 2.000000 1 2.000000 2.000000 2.000000
2 1708942348 0.000000 1 0.000000 0.000000 0.000000
3 1708942348 0.000000 1 0.000000 0.000000 0.000000
4 1708942348 0.000000 1 0.000000 0.000000 0.000000
1 1708942349 2.000000 1 2.000000 2.000000 2.000000
2 1708942349 0.000000 1 0.000000 0.000000 0.000000
3 1708942349 0.000000 1 0.000000 0.000000 0.000000
4 1708942349 0.000000 1 0.000000 0.000000 0.000000
1 1708942350 2.000000 1 2.000000 2.000000 2.000000
2 1708942350 0.000000 1 0.000000 0.000000 0.000000
3 1708942350 0.000000 1 0.000000 0.000000 0.000000
4 1708942350 0.000000 1 0.000000 0.000000 0.000000
1 1708942351 2.000000 1 2.000000 2.000000 2.000000
2 1708942351 0.000000 1 0.000000 0.000000 0.000000
3 1708942351 0.000000 1 0.000000 0.000000 0.000000
4 1708942351 0.000000 1 0.000000 0.000000 0.000000
1 1708942352 2.000000 1 2.000000 2.000000 2.000000
2 1708942352 0.000000 1 0.000000 0.000000 0.000000
3 1708942352 0.000000 1 0.000000 0.000000 0.000000
4 1708942352 0.000000 1 0.000000 0.000000 0.000000
1 1708942353 2.000000 1 2.000000 2.000000 2.000000
2 1708942353 0.000000 1 0.000000 0.000000 0.000000
3 1708942353 0.000000 1 0.000000 0.000000 0.000000
4 1708942353 0.000000 1 0.000000 0.000000 0.000000
1 1708942354 2.000000 1 2.000000 2.000000 2.000000
2 1708942354 0.000000 1 0.000000 0.000000 0.000000
3 1708942354 0.000000 1 0.000000 0.000000 0.000000
4 1708942354 0.000000 1 0.000000 0.000000 0.000000
1 1708942355 2.000000 1 2.000000 2.000000 2.000000
2 1708942355 0.000000 1 0.000000 0.000000 0.000000
3 1708942355 0.000000 1 0.000000 0.000000 0.000000
4 1708942355 0.000000 1 0.000000 0.000000 0.000000
1 1708942356 2.000000 1 2.000000 2.000000 2.000000
2 1708942356 0.000000 1 0.000000 0.000000 0.000000
3 1708942356 0.000000 1 0.000000 0.000000 0.000000
4 1708942356 0.000000 1 0.000000 0.000000 0.000000
1 1708942357 3.000000 1 3.000000 3.000000 3.000000
2 1708942357 0.000000 1 0.000000 0.000000 0.000000
3 1708942357 0.000000 1 0.000000 0.000000 0.000000
4 1708942357 0.000000 1 0.000000 0.000000 0.000000
1 1708942358 3.000000 1 3.000000 3.000000 3.000000
2 1708942358 0.000000 1 0.000000 0.000000 0.000000
3 1708942358 0.000000 1 0.000000 0.000000 0.000000
4 1708942358 0.000000 1 0.000000 0.000000 0.000000
1 1708942359 3.000000 1 3.000000 3.000000 3.000000
2 1708942359 0.000000 1 0.000000 0.000000 0.000000
3 1708942359 0.000000 1 0.000000 0.000000 0.000000
4 1708942359 0.000000 1 0.000000 0.000000 0.000000
1 1708942360 3.000000 1 3.000000 3.000000 3.000000
2 1708942360 0.000000 1 0.000000 0.000000 0.000000
3 1708942360 0.000000 1 0.000000 0.000000 0.000000
4 1708942360 0.000000 1 0.000000 0.000000 0.000000
1 1708942361 3.000000 1 3.000000 3.000000 3.000000
2 1708942361 0.000000 1 0.000000 0.000000 0.000000
3 1708942361 0.000000 1 0.000000 0.000000 0.000000
4 1708942361 0.000000 1 0.000000 0.000000 0.000000
1 1708942362 3.000000 1 3.000000 3.000000 3.000000
2 1708942362 0.000000 1 0.000000 0.000000 0.000000
3 1708942362 0.000000 1 0.000000 0.000000 0.000000
4 1708942362 0.000000 1 0.000000 0.000000 0.000000
1 1708942363 3.000000 1 3.000000 3.000000 3.000000
2 1708942363 0.000000 1 0.000000 0.000000 0.000000
3 1708942363 0.000000 1 0.000000 0.000000 0.000000
4 1708942363 0.000000 1 0.000000 0.000000 0.000000
1 1708942364 3.000000 1 3.000000 3.000000 3.000000
2 1708942364 0.000000 1 0.000000 0.000000 0.000000
3 1708942364 0.000000 1 0.000000 0.000000 0.000000
4 1708942364 0.000000 1 0.000000 0.000000 0.000000
1 1708942365 3.000000 1 3.000000 3.000000 3.000000
2 1708942365 0.000000 1 0.000000 0.000000 0.000000
3 1708942365 0.000000 1 0.000000 0.000000 0.000000
4 1708942365 0.000000 1 0.000000 0.000000 0.000000
1 1708942366 3.000000 1 3.000000 3.000000 3.000000
2 1708942366 0.000000 1 0.000000 0.000000 0.000000
3 1708942366 0.000000 1 0.000000 0.000000 0.000000
4 1708942366 0.000000 1 0.000000 0.000000 0.000000
1 1708942367 3.000000 1 3.000000 3.000000 3.000000
2 1708942367 0.000000 1 0.000000 0.000000 0.000000
3 1708942367 0.000000 1 0.000000 0.000000 0.000000
4 1708942367 0.000000 1 0.000000 0.000000 0.000000
1 1708942368 3.000000 1 3.000000 3.000000 3.000000
2 1708942368 0.000000 1 0.000000 0.000000 0.000000
3 1708942368 0.000000 1 0.000000 0.000000 0.000000
4 1708942368 0.000000 1 0.000000 0.000000 0.000000
1 1708942369 3.000000 1 3.000000 3.000000 3.000000
2 1708942369 0.000000 1 0.000000 0.000000 0.000000
3 1708942369 0.000000 1 0.000000 0.000000 0.000000
4 1708942369 0.000000 1 0.000000 0.000000 0.000000
1 1708942370 3.000000 1 3.000000 3.000000 3.000000
2 1708942370 0.000000 1 0.000000 0.000000 0.000000
3 1708942370 0.000000 1 0.000000 0.000000 0.000000
4 1708942370 0.000000 1 0.000000 0.000000 0.000000
1 1708942371 3.000000 1 3.000000 3.000000 3.000000
2 1708942371 0.000000 1 0.000000 0.000000 0.000000
3 1708942371 0.000000 1 0.000000 0.000000 0.000000
4 1708942371 0.000000 1 0.000000 0.000000 0.000000
1 1708942372 4.000000 1 4.000000 4.000000 4.000000
2 1708942372 0.000000 1 0.000000 0.000000 0.000000
3 1708942372 0.000000 1 0.000000 0.000000 0.000000
4 1708942372 0.000000 1 0.000000 0.000000 0.000000
1 1708942373 4.000000 1 4.000000 4.000000 4.000000
2 1708942373 0.000000 1 0.000000 0.000000 0.000000
3 1708942373 0.000000 1 0.000000 0.000000 0.000000
4 1708942373 0.000000 1 0.000000 0.000000 0.000000
1 1708942374 4.000000 1 4.000000 4.000000 4.000000
2 1708942374 0.000000 1 0.000000 0.000000 0.000000
3 1708942374 0.000000 1 0.000000 0.000000 0.000000
4 1708942374 0.000000 1 0.000000 0.000000 0.000000
1 1708942375 4.000000 1 4.000000 4.000000 4.000000
2 1708942375 0.000000 1 0.000000 0.000000 0.000000
3 1708942375 0.000000 1 0.000000 0.000000 0.000000
4 1708942375 0.000000 1 0.000000 0.000000 0.000000
1 1708942376 4.000000 1 4.000000 4.000000 4.000000
2 1708942376 0.000000 1 0.000000 0.000000 0.000000
3 1708942376 0.000000 1 0.000000 0.000000 0.000000
4 1708942376 0.000000 1 0.000000 0.000000 0.000000
1 1708942377 4.000000 1 4.000000 4.000000 4.000000
2 1708942377 0.000000 1 0.000000 0.000000 0.000000
3 1708942377 0.000000 1 0.000000 0.000000 0.000000
4 1708942377 0.000000 1 0.000000 0.000000 0.000000
1 1708942378 4.000000 1 4.000000 4.000000 4.000000
2 1708942378 0.000000 1 0.000000 0.000000 0.000000
3 1708942378 0.000000 1 0.000000 0.000000 0.000000
4 1708942378 0.000000 1 0.000000 0.000000 0.000000
1 1708942379 4.000000 1 4.000000 4.000000 4.000000
2 1708942379 0.000000 1 0.000000 0.000000 0.000000
3 1708942379 0.000000 1 0.000000 0.000000 0.000000
4 1708942379 0.000000 1 0.000000 0.000000 0.000000
1 1708942380 4.000000 1 4.000000 4.000000 4.000000
2 1708942380 0.000000 1 0.000000 0.000000 0.000000
3 1708942380 0.000000 1 0.000000 0.000000 0.000000
4 1708942380 0.000000 1 0.000000 0.000000 0.000000
1 1708942381 4.000000 1 4.000000 4.000000 4.000000
2 1708942381 0.000000 1 0.000000 0.000000 0.000000
3 1708942381 0.000000 1 0.000000 0.000000 0.000000
4 1708942381 0.000000 1 0.000000 0.000000 0.000000
1 1708942382 4.000000 1 4.000000 4.000000 4.000000
2 1708942382 0.000000 1 0.000000 0.000000 0.000000
3 1708942382 0.000000 1 0.000000 0.000000 0.000000
4 1708942382 0.000000 1 0.000000 0.000000 0.000000
1 1708942383 4.000000 1 4.000000 4.000000 4.000000
2 1708942383 0.000000 1 0.000000 0.000000 0.000000
3 1708942383 0.000000 1 0.000000 0.000000 0.000000
4 1708942383 0.000000 1 0.000000 0.000000 0.000000
1 1708942384 4.000000 1 4.000000 4.000000 4.000000
2 1708942384 0.000000 1 0.000000 0.000000 0.000000
3 1708942384 0.000000 1 0.000000 0.000000 0.000000
4 1708942384 0.000000 1 0.000000 0.000000 0.000000
1 1708942385 4.000000 1 4.000000 4.000000 4.000000
2 1708942385 0.000000 1 0.000000 0.000000 0.000000
3 1708942385 0.000000 1 0.000000 0.000000 0.000000
4 1708942385 0.000000 1 0.000000 0.000000 0.000000
1 1708942386 5.000000 1 5.000000 5.000000 5.000000
2 1708942386 0.000000 1 0.000000 0.000000 0.000000
3 1708942386 0.000000 1 0.000000 0.000000 0.000000
4 1708942386 0.000000 1 0.000000 0.000000 0.000000
1 1708942387 5.000000 1 5.000000 5.000000 5.000000
2 1708942387 0.000000 1 0.000000 0.000000 0.000000
3 1708942387 0.000000 1 0.000000 0.000000 0.000000
4 1708942387 0.000000 1 0.000000 0.000000 0.000000
1 1708942388 5.000000 1 5.000000 5.000000 5.000000
2 1708942388 0.000000 1 0.000000 0.000000 0.000000
3 1708942388 0.000000 1 0.000000 0.000000 0.000000
4 1708942388 0.000000 1 0.000000 0.000000 0.000000
1 1708942389 5.000000 1 5.000000 5.000000 5.000000
2 1708942389 0.000000 1 0.000000 0.000000 0.000000
3 1708942389 0.000000 1 0.000000 0.000000 0.000000
4 1708942389 0.000000 1 0.000000 0.000000 0.000000
1 1708942390 5.000000 1 5.000000 5.000000 5.000000
2 1708942390 0.000000 1 0.000000 0.000000 0.000000
3 1708942390 0.000000 1 0.000000 0.000000 0.000000
4 1708942390 0.000000 1 0.000000 0.000000 0.000000
1 1708942391 5.000000 1 5.000000 5.000000 5.000000
2 1708942391 0.000000 1 0.000000 0.000000 0.000000
3 1708942391 0.000000 1 0.000000 0.000000 0.000000
4 1708942391 0.000000 1 0.000000 0.000000 0.000000
1 1708942392 5.000000 1 5.000000 5.000000 5.000000
2 1708942392 0.000000 1 0.000000 0.000000 0.000000
3 1708942392 0.000000 1 0.000000 0.000000 0.000000
4 1708942392 0.000000 1 0.000000 0.000000 0.000000
1 1708942393 5.000000 1 5.000000 5.000000 5.000000
2 1708942393 0.000000 1 0.000000 0.000000 0.000000
3 1708942393 0.000000 1 0.000000 0.000000 0.000000
4 1708942393 0.000000 1 0.000000 0.000000 0.000000
1 1708942394 5.000000 1 5.000000 5.000000 5.000000
2 1708942394 0.000000 1 0.000000 0.000000 0.000000
3 1708942394 0.000000 1 0.000000 0.000000 0.000000
4 1708942394 0.000000 1 0.000000 0.000000 0.000000
1 1708942395 5.000000 1 5.000000 5.000000 5.000000
2 1708942395 0.000000 1 0.000000 0.000000 0.000000
3 1708942395 0.000000 1 0.000000 0.000000 0.000000
4 1708942395 0.000000 1 0.000000 0.000000 0.000000
1 1708942396 5.000000 1 5.000000 5.000000 5.000000
2 1708942396 0.000000 1 0.000000 0.000000 0.000000
3 1708942396 0.000000 1 0.000000 0.000000 0.000000
4 1708942396 0.000000 1 0.000000 0.000000 0.000000
1 1708942397 5.000000 1 5.000000 5.000000 5.000000
2 1708942397 0.000000 1 0.000000 0.000000 0.000000
3 1708942397 0.000000 1 0.000000 0.000000 0.000000
4 1708942397 0.000000 1 0.000000 0.000000 0.000000
1 1708942398 5.000000 1 5.000000 5.000000 5.000000
2 1708942398 0.000000 1 0.000000 0.000000 0.000000
3 1708942398 0.000000 1 0.000000 0.000000 0.000000
4 1708942398 0.000000 1 0.000000 0.000000 0.000000
1 1708942399 5.000000 1 5.000000 5.000000 5.000000
2 1708942399 0.000000 1 0.000000 0.000000 0.000000
3 1708942399 0.000000 1 0.000000 0.000000 0.000000
4 1708942399 0.000000 1 0.000000 0.000000 0.000000
1 1708942400 5.000000 1 5.000000 5.000000 5.000000
2 1708942400 0.000000 1 0.000000 0.000000 0.000000
3 1708942400 0.000000 1 0.000000 0.000000 0.000000
4 1708942400 0.000000 1 0.000000 0.000000 0.000000
1 1708942401 5.000000 1 5.000000 5.000000 5.000000
2 1708942401 0.000000 1 0.000000 0.000000 0.000000
3 1708942401 0.000000 1 0.000000 0.000000 0.000000
4 1708942401 0.000000 1 0.000000 0.000000 0.000000
1 1708942402 5.000000 1 5.000000 5.000000 5.000000
2 1708942402 0.000000 1 0.000000 0.000000 0.000000
3 1708942402 0.000000 1 0.000000 0.000000 0.000000
4 1708942402 0.000000 1 0.000000 0.000000 0.000000
1 1708942403 5.000000 1 5.000000 5.000000 5.000000
2 1708942403 0.000000 1 0.000000 0.000000 0.000000
3 1708942403 0.000000 1 0.000000 0.000000 0.000000
4 1708942403 0.000000 1 0.000000 0.000000 0.000000
1 1708942404 5.000000 1 5.000000 5.000000 5.000000
2 1708942404 0.000000 1 0.000000 0.000000 0.000000
3 1708942404 0.000000 1 0.000000 0.000000 0.000000
4 1708942404 0.000000 1 0.000000 0.000000 0.000000
1 1708942405 5.000000 1 5.000000 5.000000 5.000000
2 1708942405 0.000000 1 0.000000 0.000000 0.000000
3 1708942405 0.000000 1 0.000000 0.000000 0.000000
4 1708942405 0.000000 1 0.000000 0.000000 0.000000
1 1708942406 5.000000 1 5.000000 5.000000 5.000000
2 1708942406 0.000000 1 0.000000 0.000000 0.000000
3 1708942406 0.000000 1 0.000000 0.000000 0.000000
4 1708942406 0.000000 1 0.000000 0.000000 0.000000
1 1708942407 5.000000 1 5.000000 5.000000 5.000000
2 1708942407 0.000000 1 0.000000 0.000000 0.000000
3 1708942407 0.000000 1 0.000000 0.000000 0.000000
4 1708942407 0.000000 1 0.000000 0.000000 0.000000
1 1708942408 5.000000 1 5.000000 5.000000 5.000000
2 1708942408 0.000000 1 0.000000 0.000000 0.000000
3 1708942408 0.000000 1 0.000000 0.000000 0.000000
4 1708942408 0.000000 1 0.000000 0.000000 0.000000
1 1708942410 5.000000 1 5.000000 5.000000 5.000000
2 1708942410 0.000000 1 0.000000 0.000000 0.000000
3 1708942410 0.000000 1 0.000000 0.000000 0.000000
4 1708942410 0.000000 1 0.000000 0.000000 0.000000
1 1708942411 5.000000 1 5.000000 5.000000 5.000000
2 1708942411 0.000000 1 0.000000 0.000000 0.000000
3 1708942411 0.000000 1 0.000000 0.000000 0.000000
4 1708942411 0.000000 1 0.000000 0.000000 0.000000
1 1708942412 5.000000 1 5.000000 5.000000 5.000000
2 1708942412 0.000000 1 0.000000 0.000000 0.000000
3 1708942412 0.000000 1 0.000000 0.000000 0.000000
4 1708942412 0.000000 1 0.000000 0.000000 0.000000
1 1708942413 5.000000 1 5.000000 5.000000 5.000000
2 1708942413 0.000000 1 0.000000 0.000000 0.000000
3 1708942413 0.000000 1 0.000000 0.000000 0.000000
4 1708942413 0.000000 1 0.000000 0.000000 0.000000
1 1708942414 5.000000 1 5.000000 5.000000 5.000000
2 1708942414 0.000000 1 0.000000 0.000000 0.000000
3 1708942414 0.000000 1 0.000000 0.000000 0.000000
4 1708942414 0.000000 1 0.000000 0.000000 0.000000
1 1708942415 5.000000 1 5.000000 5.000000 5.000000
2 1708942415 0.000000 1 0.000000 0.000000 0.000000
3 1708942415 0.000000 1 0.000000 0.000000 0.000000
4 1708942415 0.000000 1 0.000000 0.000000 0.000000
1 1708942416 5.000000 1 5.000000 5.000000 5.000000
2 1708942416 0.000000 1 0.000000 0.000000 0.000000
3 1708942416 0.000000 1 0.000000 0.000000 0.000000
4 1708942416 0.000000 1 0.000000 0.000000 0.000000
1 1708942417 5.000000 1 5.000000 5.000000 5.000000
2 1708942417 0.000000 1 0.000000 0.000000 0.000000
3 1708942417 0.000000 1 0.000000 0.000000 0.000000
4 1708942417 0.000000 1 0.000000 0.000000 0.000000
1 1708942418 5.000000 1 5.000000 5.000000 5.000000
2 1708942418 0.000000 1 0.000000 0.000000 0.000000
3 1708942418 0.000000 1 0.000000 0.000000 0.000000
4 1708942418 0.000000 1 0.000000 0.000000 0.000000
1 1708942419 5.000000 1 5.000000 5.000000 5.000000
2 1708942419 0.000000 1 0.000000 0.000000 0.000000
3 1708942419 0.000000 1 0.000000 0.000000 0.000000
4 1708942419 0.000000 1 0.000000 0.000000 0.000000
1 1708942420 5.000000 1 5.000000 5.000000 5.000000
2 1708942420 0.000000 1 0.000000 0.000000 0.000000
3 1708942420 0.000000 1 0.000000 0.000000 0.000000
4 1708942420 0.000000 1 0.000000 0.000000 0.000000
1 1708942421 5.000000 1 5.000000 5.000000 5.000000
2 1708942421 0.000000 1 0.000000 0.000000 0.000000
3 1708942421 0.000000 1 0.000000 0.000000 0.000000
4 1708942421 0.000000 1 0.000000 0.000000 0.000000
1 1708942422 5.000000 1 5.000000 5.000000 5.000000
2 1708942422 0.000000 1 0.000000 0.000000 0.000000
3 1708942422 0.000000 1 0.000000 0.000000 0.000000
4 1708942422 0.000000 1 0.000000 0.000000 0.000000
1 1708942423 5.000000 1 5.000000 5.000000 5.000000
2 1708942423 0.000000 1 0.000000 0.000000 0.000000
3 1708942423 0.000000 1 0.000000 0.000000 0.000000
4 1708942423 0.000000 1 0.000000 0.000000 0.000000
1 1708942424 5.000000 1 5.000000 5.000000 5.000000
2 1708942424 0.000000 1 0.000000 0.000000 0.000000
3 1708942424 0.000000 1 0.000000 0.000000 0.000000
4 1708942424 0.000000 1 0.000000 0.000000 0.000000
1 1708942425 5.000000 1 5.000000 5.000000 5.000000
2 1708942425 0.000000 1 0.000000 0.000000 0.000000
3 1708942425 0.000000 1 0.000000 0.000000 0.000000
4 1708942425 0.000000 1 0.000000 0.000000 0.000000
1 1708942426 5.000000 1 5.000000 5.000000 5.000000
2 1708942426 0.000000 1 0.000000 0.000000 0.000000
3 1708942426 0.000000 1 0.000000 0.000000 0.000000
4 1708942426 0.000000 1 0.000000 0.000000 0.000000
1 1708942427 5.000000 1 5.000000 5.000000 5.000000
2 1708942427 0.000000 1 0.000000 0.000000 0.000000
3 1708942427 0.000000 1 0.000000 0.000000 0.000000
4 1708942427 0.000000 1 0.000000 0.000000 0.000000
1 1708942428 5.000000 1 5.000000 5.000000 5.000000
2 1708942428 0.000000 1 0.000000 0.000000 0.000000
3 1708942428 0.000000 1 0.000000 0.000000 0.000000
4 1708942428 0.000000 1 0.000000 0.000000 0.000000
1 1708942429 5.000000 1 5.000000 5.000000 5.000000
2 1708942429 0.000000 1 0.000000 0.000000 0.000000
3 1708942429 0.000000 1 0.000000 0.000000 0.000000
4 1708942429 0.000000 1 0.000000 0.000000 0.000000
1 1708942430 5.000000 1 5.000000 5.000000 5.000000
2 1708942430 0.000000 1 0.000000 0.000000 0.000000
3 1708942430 0.000000 1 0.000000 0.000000 0.000000
4 1708942430 0.000000 1 0.000000 0.000000 0.000000
1 1708942431 5.000000 1 5.000000 5.000000 5.000000
2 1708942431 0.000000 1 0.000000 0.000000 0.000000
3 1708942431 0.000000 1 0.000000 0.000000 0.000000
4 1708942431 0.000000 1 0.000000 0.000000 0.000000
1 1708942432 5.000000 1 5.000000 5.000000 5.000000
2 1708942432 0.000000 1 0.000000 0.000000 0.000000
3 1708942432 0.000000 1 0.000000 0.000000 0.000000
4 1708942432 0.000000 1 0.000000 0.000000 0.000000
1 1708942433 5.000000 1 5.000000 5.000000 5.000000
2 1708942433 0.000000 1 0.000000 0.000000 0.000000
3 1708942433 0.000000 1 0.000000 0.000000 0.000000
4 1708942433 0.000000 1 0.000000 0.000000 0.000000
1 1708942434 5.000000 1 5.000000 5.000000 5.000000
2 1708942434 0.000000 1 0.000000 0.000000 0.000000
3 1708942434 0.000000 1 0.000000 0.000000 0.000000
4 1708942434 0.000000 1 0.000000 0.000000 0.000000
1 1708942435 5.000000 1 5.000000 5.000000 5.000000
2 1708942435 0.000000 1 0.000000 0.000000 0.000000
3 1708942435 0.000000 1 0.000000 0.000000 0.000000
4 1708942435 0.000000 1 0.000000 0.000000 0.000000
1 1708942436 5.000000 1 5.000000 5.000000 5.000000
2 1708942436 0.000000 1 0.000000 0.000000 0.000000
3 1708942436 0.000000 1 0.000000 0.000000 0.000000
4 1708942436 0.000000 1 0.000000 0.000000 0.000000
1 1708942437 5.000000 1 5.000000 5.000000 5.000000
2 1708942437 0.000000 1 0.000000 0.000000 0.000000
3 1708942437 0.000000 1 0.000000 0.000000 0.000000
4 1708942437 0.000000 1 0.000000 0.000000 0.000000
1 1708942438 5.000000 1 5.000000 5.000000 5.000000
2 1708942438 0.000000 1 0.000000 0.000000 0.000000
3 1708942438 0.000000 1 0.000000 0.000000 0.000000
4 1708942438 0.000000 1 0.000000 0.000000 0.000000
1 1708942439 5.000000 1 5.000000 5.000000 5.000000
2 1708942439 0.000000 1 0.000000 0.000000 0.000000
3 1708942439 0.000000 1 0.000000 0.000000 0.000000
4 1708942439 0.000000 1 0.000000 0.000000 0.000000
1 1708942440 5.000000 1 5.000000 5.000000 5.000000
2 1708942440 0.000000 1 0.000000 0.000000 0.000000
3 1708942440 0.000000 1 0.000000 0.000000 0.000000
4 1708942440 0.000000 1 0.000000 0.000000 0.000000
1 1708942441 5.000000 1 5.000000 5.000000 5.000000
2 1708942441 0.000000 1 0.000000 0.000000 0.000000
3 1708942441 0.000000 1 0.000000 0.000000 0.000000
4 1708942441 0.000000 1 0.000000 0.000000 0.000000
1 1708942442 5.000000 1 5.000000 5.000000 5.000000
2 1708942442 0.000000 1 0.000000 0.000000 0.000000
3 1708942442 0.000000 1 0.000000 0.000000 0.000000
4 1708942442 0.000000 1 0.000000 0.000000 0.000000
1 1708942443 5.000000 1 5.000000 5.000000 5.000000
2 1708942443 0.000000 1 0.000000 0.000000 0.000000
3 1708942443 0.000000 1 0.000000 0.000000 0.000000
4 1708942443 0.000000 1 0.000000 0.000000 0.000000
1 1708942444 5.000000 1 5.000000 5.000000 5.000000
2 1708942444 0.000000 1 0.000000 0.000000 0.000000
3 1708942444 0.000000 1 0.000000 0.000000 0.000000
4 1708942444 0.000000 1 0.000000 0.000000 0.000000
1 1708942445 5.000000 1 5.000000 5.000000 5.000000
2 1708942445 0.000000 1 0.000000 0.000000 0.000000
3 1708942445 0.000000 1 0.000000 0.000000 0.000000
4 1708942445 0.000000 1 0.000000 0.000000 0.000000
1 1708942446 5.000000 1 5.000000 5.000000 5.000000
2 1708942446 0.000000 1 0.000000 0.000000 0.000000
3 1708942446 0.000000 1 0.000000 0.000000 0.000000
4 1708942446 0.000000 1 0.000000 0.000000 0.000000
1 1708942447 5.000000 1 5.000000 5.000000 5.000000
2 1708942447 0.000000 1 0.000000 0.000000 0.000000
3 1708942447 0.000000 1 0.000000 0.000000 0.000000
4 1708942447 0.000000 1 0.000000 0.000000 0.000000
1 1708942448 5.000000 1 5.000000 5.000000 5.000000
2 1708942448 0.000000 1 0.000000 0.000000 0.000000
3 1708942448 0.000000 1 0.000000 0.000000 0.000000
4 1708942448 0.000000 1 0.000000 0.000000 0.000000
1 1708942449 5.000000 1 5.000000 5.000000 5.000000
2 1708942449 0.000000 1 0.000000 0.000000 0.000000
3 1708942449 0.000000 1 0.000000 0.000000 0.000000
4 1708942449 0.000000 1 0.000000 0.000000 0.000000
1 1708942450 5.000000 1 5.000000 5.000000 5.000000
2 1708942450 0.000000 1 0.000000 0.000000 0.000000
3 1708942450 0.000000 1 0.000000 0.000000 0.000000
4 1708942450 0.000000 1 0.000000 0.000000 0.000000
1 1708942451 5.000000 1 5.000000 5.000000 5.000000
2 1708942451 0.000000 1 0.000000 0.000000 0.000000
3 1708942451 0.000000 1 0.000000 0.000000 0.000000
4 1708942451 0.000000 1 0.000000 0.000000 0.000000
1 1708942452 5.000000 1 5.000000 5.000000 5.000000
2 1708942452 0.000000 1 0.000000 0.000000 0.000000
3 1708942452 0.000000 1 0.000000 0.000000 0.000000
4 1708942452 0.000000 1 0.000000 0.000000 0.000000
1 1708942453 5.000000 1 5.000000 5.000000 5.000000
2 1708942453 0.000000 1 0.000000 0.000000 0.000000
3 1708942453 0.000000 1 0.000000 0.000000 0.000000
4 1708942453 0.000000 1 0.000000 0.000000 0.000000
1 1708942454 5.000000 1 5.000000 5.000000 5.000000
2 1708942454 0.000000 1 0.000000 0.000000 0.000000
3 1708942454 0.000000 1 0.000000 0.000000 0.000000
4 1708942454 0.000000 1 0.000000 0.000000 0.000000
1 1708942455 5.000000 1 5.000000 5.000000 5.000000
2 1708942455 0.000000 1 0.000000 0.000000 0.000000
3 1708942455 0.000000 1 0.000000 0.000000 0.000000
4 1708942455 0.000000 1 0.000000 0.000000 0.000000
1 1708942456 5.000000 1 5.000000 5.000000 5.000000
2 1708942456 0.000000 1 0.000000 0.000000 0.000000
3 1708942456 0.000000 1 0.000000 0.000000 0.000000
4 1708942456 0.000000 1 0.000000 0.000000 0.000000
1 1708942457 5.000000 1 5.000000 5.000000 5.000000
2 1708942457 0.000000 1 0.000000 0.000000 0.000000
3 1708942457 0.000000 1 0.000000 0.000000 0.000000
4 1708942457 0.000000 1 0.000000 0.000000 0.000000
1 1708942458 5.000000 1 5.000000 5.000000 5.000000
2 1708942458 0.000000 1 0.000000 0.000000 0.000000
3 1708942458 0.000000 1 0.000000 0.000000 0.000000
4 1708942458 0.000000 1 0.000000 0.000000 0.000000
1 1708942459 5.000000 1 5.000000 5.000000 5.000000
2 1708942459 0.000000 1 0.000000 0.000000 0.000000
3 1708942459 0.000000 1 0.000000 0.000000 0.000000
4 1708942459 0.000000 1 0.000000 0.000000 0.000000
1 1708942460 5.000000 1 5.000000 5.000000 5.000000
2 1708942460 0.000000 1 0.000000 0.000000 0.000000
3 1708942460 0.000000 1 0.000000 0.000000 0.000000
4 1708942460 0.000000 1 0.000000 0.000000 0.000000
1 1708942461 5.000000 1 5.000000 5.000000 5.000000
2 1708942461 0.000000 1 0.000000 0.000000 0.000000
3 1708942461 0.000000 1 0.000000 0.000000 0.000000
4 1708942461 0.000000 1 0.000000 0.000000 0.000000
1 1708942462 5.000000 1 5.000000 5.000000 5.000000
2 1708942462 0.000000 1 0.000000 0.000000 0.000000
3 1708942462 0.000000 1 0.000000 0.000000 0.000000
4 1708942462 0.000000 1 0.000000 0.000000 0.000000
1 1708942463 5.000000 1 5.000000 5.000000 5.000000
2 1708942463 0.000000 1 0.000000 0.000000 0.000000
3 1708942463 0.000000 1 0.000000 0.000000 0.000000
4 1708942463 0.000000 1 0.000000 0.000000 0.000000
1 1708942464 5.000000 1 5.000000 5.000000 5.000000
2 1708942464 0.000000 1 0.000000 0.000000 0.000000
3 1708942464 0.000000 1 0.000000 0.000000 0.000000
4 1708942464 0.000000 1 0.000000 0.000000 0.000000
1 1708942465 5.000000 1 5.000000 5.000000 5.000000
2 1708942465 0.000000 1 0.000000 0.000000 0.000000
3 1708942465 0.000000 1 0.000000 0.000000 0.000000
4 1708942465 0.000000 1 0.000000 0.000000 0.000000
1 1708942466 5.000000 1 5.000000 5.000000 5.000000
2 1708942466 0.000000 1 0.000000 0.000000 0.000000
3 1708942466 0.000000 1 0.000000 0.000000 0.000000
4 1708942466 0.000000 1 0.000000 0.000000 0.000000
1 1708942467 5.000000 1 5.000000 5.000000 5.000000
2 1708942467 0.000000 1 0.000000 0.000000 0.000000
3 1708942467 0.000000 1 0.000000 0.000000 0.000000
4 1708942467 0.000000 1 0.000000 0.000000 0.000000
1 1708942468 5.000000 1 5.000000 5.000000 5.000000
2 1708942468 0.000000 1 0.000000 0.000000 0.000000
3 1708942468 0.000000 1 0.000000 0.000000 0.000000
4 1708942468 0.000000 1 0.000000 0.000000 0.000000
1 1708942469 5.000000 1 5.000000 5.000000 5.000000
2 1708942469 0.000000 1 0.000000 0.000000 0.000000
3 1708942469 0.000000 1 0.000000 0.000000 0.000000
4 1708942469 0.000000 1 0.000000 0.000000 0.000000
1 1708942470 5.000000 1 5.000000 5.000000 5.000000
2 1708942470 0.000000 1 0.000000 0.000000 0.000000
3 1708942470 0.000000 1 0.000000 0.000000 0.000000
4 1708942470 0.000000 1 0.000000 0.000000 0.000000
1 1708942471 5.000000 1 5.000000 5.000000 5.000000
2 1708942471 0.000000 1 0.000000 0.000000 0.000000
3 1708942471 0.000000 1 0.000000 0.000000 0.000000
4 1708942471 0.000000 1 0.000000 0.000000 0.000000
1 1708942473 5.000000 1 5.000000 5.000000 5.000000
2 1708942473 0.000000 1 0.000000 0.000000 0.000000
3 1708942473 0.000000 1 0.000000 0.000000 0.000000
4 1708942473 0.000000 1 0.000000 0.000000 0.000000
1 1708942474 5.000000 1 5.000000 5.000000 5.000000
2 1708942474 0.000000 1 0.000000 0.000000 0.000000
3 1708942474 0.000000 1 0.000000 0.000000 0.000000
4 1708942474 0.000000 1 0.000000 0.000000 0.000000
1 1708942475 5.000000 1 5.000000 5.000000 5.000000
2 1708942475 0.000000 1 0.000000 0.000000 0.000000
3 1708942475 0.000000 1 0.000000 0.000000 0.000000
4 1708942475 0.000000 1 0.000000 0.000000 0.000000
1 1708942476 5.000000 1 5.000000 5.000000 5.000000
2 1708942476 0.000000 1 0.000000 0.000000 0.000000
3 1708942476 0.000000 1 0.000000 0.000000 0.000000
4 1708942476 0.000000 1 0.000000 0.000000 0.000000
1 1708942477 5.000000 1 5.000000 5.000000 5.000000
2 1708942477 0.000000 1 0.000000 0.000000 0.000000
3 1708942477 0.000000 1 0.000000 0.000000 0.000000
4 1708942477 0.000000 1 0.000000 0.000000 0.000000
1 1708942478 5.000000 1 5.000000 5.000000 5.000000
2 1708942478 0.000000 1 0.000000 0.000000 0.000000
3 1708942478 0.000000 1 0.000000 0.000000 0.000000
4 1708942478 0.000000 1 0.000000 0.000000 0.000000
1 1708942479 5.000000 1 5.000000 5.000000 5.000000
2 1708942479 0.000000 1 0.000000 0.000000 0.000000
3 1708942479 0.000000 1 0.000000 0.000000 0.000000
4 1708942479 0.000000 1 0.000000 0.000000 0.000000
1 1708942480 5.000000 1 5.000000 5.000000 5.000000
2 1708942480 0.000000 1 0.000000 0.000000 0.000000
3 1708942480 0.000000 1 0.000000 0.000000 0.000000
4 1708942480 0.000000 1 0.000000 0.000000 0.000000
1 1708942481 5.000000 1 5.000000 5.000000 5.000000
2 1708942481 0.000000 1 0.000000 0.000000 0.000000
3 1708942481 0.000000 1 0.000000 0.000000 0.000000
4 1708942481 0.000000 1 0.000000 0.000000 0.000000
1 1708942482 5.000000 1 5.000000 5.000000 5.000000
2 1708942482 0.000000 1 0.000000 0.000000 0.000000
3 1708942482 0.000000 1 0.000000 0.000000 0.000000
4 1708942482 0.000000 1 0.000000 0.000000 0.000000
1 1708942483 5.000000 1 5.000000 5.000000 5.000000
2 1708942483 0.000000 1 0.000000 0.000000 0.000000
3 1708942483 0.000000 1 0.000000 0.000000 0.000000
4 1708942483 0.000000 1 0.000000 0.000000 0.000000
1 1708942484 5.000000 1 5.000000 5.000000 5.000000
2 1708942484 0.000000 1 0.000000 0.000000 0.000000
3 1708942484 0.000000 1 0.000000 0.000000 0.000000
4 1708942484 0.000000 1 0.000000 0.000000 0.000000
1 1708942485 5.000000 1 5.000000 5.000000 5.000000
2 1708942485 0.000000 1 0.000000 0.000000 0.000000
3 1708942485 0.000000 1 0.000000 0.000000 0.000000
4 1708942485 0.000000 1 0.000000 0.000000 0.000000
1 1708942486 5.000000 1 5.000000 5.000000 5.000000
2 1708942486 0.000000 1 0.000000 0.000000 0.000000
3 1708942486 0.000000 1 0.000000 0.000000 0.000000
4 1708942486 0.000000 1 0.000000 0.000000 0.000000
1 1708942487 5.000000 1 5.000000 5.000000 5.000000
2 1708942487 0.000000 1 0.000000 0.000000 0.000000
3 1708942487 0.000000 1 0.000000 0.000000 0.000000
4 1708942487 0.000000 1 0.000000 0.000000 0.000000
1 1708942488 5.000000 1 5.000000 5.000000 5.000000
2 1708942488 0.000000 1 0.000000 0.000000 0.000000
3 1708942488 0.000000 1 0.000000 0.000000 0.000000
4 1708942488 0.000000 1 0.000000 0.000000 0.000000
1 1708942489 5.000000 1 5.000000 5.000000 5.000000
2 1708942489 0.000000 1 0.000000 0.000000 0.000000
3 1708942489 0.000000 1 0.000000 0.000000 0.000000
4 1708942489 0.000000 1 0.000000 0.000000 0.000000
1 1708942490 5.000000 1 5.000000 5.000000 5.000000
2 1708942490 0.000000 1 0.000000 0.000000 0.000000
3 1708942490 0.000000 1 0.000000 0.000000 0.000000
4 1708942490 0.000000 1 0.000000 0.000000 0.000000
1 1708942491 5.000000 1 5.000000 5.000000 5.000000
2 1708942491 0.000000 1 0.000000 0.000000 0.000000
3 1708942491 0.000000 1 0.000000 0.000000 0.000000
4 1708942491 0.000000 1 0.000000 0.000000 0.000000
1 1708942492 5.000000 1 5.000000 5.000000 5.000000
2 1708942492 0.000000 1 0.000000 0.000000 0.000000
3 1708942492 0.000000 1 0.000000 0.000000 0.000000
4 1708942492 0.000000 1 0.000000 0.000000 0.000000
1 1708942493 5.000000 1 5.000000 5.000000 5.000000
2 1708942493 0.000000 1 0.000000 0.000000 0.000000
3 1708942493 0.000000 1 0.000000 0.000000 0.000000
4 1708942493 0.000000 1 0.000000 0.000000 0.000000
1 1708942494 5.000000 1 5.000000 5.000000 5.000000
2 1708942494 0.000000 1 0.000000 0.000000 0.000000
3 1708942494 0.000000 1 0.000000 0.000000 0.000000
4 1708942494 0.000000 1 0.000000 0.000000 0.000000
1 1708942495 5.000000 1 5.000000 5.000000 5.000000
2 1708942495 0.000000 1 0.000000 0.000000 0.000000
3 1708942495 0.000000 1 0.000000 0.000000 0.000000
4 1708942495 0.000000 1 0.000000 0.000000 0.000000
1 1708942496 5.000000 1 5.000000 5.000000 5.000000
2 1708942496 0.000000 1 0.000000 0.000000 0.000000
3 1708942496 0.000000 1 0.000000 0.000000 0.000000
4 1708942496 0.000000 1 0.000000 0.000000 0.000000
1 1708942497 5.000000 1 5.000000 5.000000 5.000000
2 1708942497 0.000000 1 0.000000 0.000000 0.000000
3 1708942497 0.000000 1 0.000000 0.000000 0.000000
4 1708942497 0.000000 1 0.000000 0.000000 0.000000
1 1708942498 5.000000 1 5.000000 5.000000 5.000000
2 1708942498 0.000000 1 0.000000 0.000000 0.000000
3 1708942498 0.000000 1 0.000000 0.000000 0.000000
4 1708942498 0.000000 1 0.000000 0.000000 0.000000
1 1708942499 5.000000 1 5.000000 5.000000 5.000000
2 1708942499 0.000000 1 0.000000 0.000000 0.000000
3 1708942499 0.000000 1 0.000000 0.000000 0.000000
4 1708942499 0.000000 1 0.000000 0.000000 0.000000
1 1708942500 5.000000 1 5.000000 5.000000 5.000000
2 1708942500 0.000000 1 0.000000 0.000000 0.000000
3 1708942500 0.000000 1 0.000000 0.000000 0.000000
4 1708942500 0.000000 1 0.000000 0.000000 0.000000
1 1708942501 5.000000 1 5.000000 5.000000 5.000000
2 1708942501 0.000000 1 0.000000 0.000000 0.000000
3 1708942501 0.000000 1 0.000000 0.000000 0.000000
4 1708942501 0.000000 1 0.000000 0.000000 0.000000
1 1708942502 5.000000 1 5.000000 5.000000 5.000000
2 1708942502 0.000000 1 0.000000 0.000000 0.000000
3 1708942502 0.000000 1 0.000000 0.000000 0.000000
4 1708942502 0.000000 1 0.000000 0.000000 0.000000
1 1708942503 5.000000 1 5.000000 5.000000 5.000000
2 1708942503 0.000000 1 0.000000 0.000000 0.000000
3 1708942503 0.000000 1 0.000000 0.000000 0.000000
4 1708942503 0.000000 1 0.000000 0.000000 0.000000
1 1708942504 5.000000 1 5.000000 5.000000 5.000000
2 1708942504 0.000000 1 0.000000 0.000000 0.000000
3 1708942504 0.000000 1 0.000000 0.000000 0.000000
4 1708942504 0.000000 1 0.000000 0.000000 0.000000
1 1708942505 5.000000 1 5.000000 5.000000 5.000000
2 1708942505 0.000000 1 0.000000 0.000000 0.000000
3 1708942505 0.000000 1 0.000000 0.000000 0.000000
4 1708942505 0.000000 1 0.000000 0.000000 0.000000
1 1708942506 5.000000 1 5.000000 5.000000 5.000000
2 1708942506 0.000000 1 0.000000 0.000000 0.000000
3 1708942506 0.000000 1 0.000000 0.000000 0.000000
4 1708942506 0.000000 1 0.000000 0.000000 0.000000
1 1708942507 5.000000 1 5.000000 5.000000 5.000000
2 1708942507 0.000000 1 0.000000 0.000000 0.000000
3 1708942507 0.000000 1 0.000000 0.000000 0.000000
4 1708942507 0.000000 1 0.000000 0.000000 0.000000
1 1708942508 5.000000 1 5.000000 5.000000 5.000000
2 1708942508 0.000000 1 0.000000 0.000000 0.000000
3 1708942508 0.000000 1 0.000000 0.000000 0.000000
4 1708942508 0.000000 1 0.000000 0.000000 0.000000
1 1708942509 5.000000 1 5.000000 5.000000 5.000000
2 1708942509 0.000000 1 0.000000 0.000000 0.000000
3 1708942509 0.000000 1 0.000000 0.000000 0.000000
4 1708942509 0.000000 1 0.000000 0.000000 0.000000
1 1708942510 5.000000 1 5.000000 5.000000 5.000000
2 1708942510 0.000000 1 0.000000 0.000000 0.000000
3 1708942510 0.000000 1 0.000000 0.000000 0.000000
4 1708942510 0.000000 1 0.000000 0.000000 0.000000
1 1708942511 5.000000 1 5.000000 5.000000 5.000000
2 1708942511 0.000000 1 0.000000 0.000000 0.000000
3 1708942511 0.000000 1 0.000000 0.000000 0.000000
4 1708942511 0.000000 1 0.000000 0.000000 0.000000
1 1708942512 5.000000 1 5.000000 5.000000 5.000000
2 1708942512 0.000000 1 0.000000 0.000000 0.000000
3 1708942512 0.000000 1 0.000000 0.000000 0.000000
4 1708942512 0.000000 1 0.000000 0.000000 0.000000
1 1708942513 5.000000 1 5.000000 5.000000 5.000000
2 1708942513 0.000000 1 0.000000 0.000000 0.000000
3 1708942513 0.000000 1 0.000000 0.000000 0.000000
4 1708942513 0.000000 1 0.000000 0.000000 0.000000
1 1708942514 5.000000 1 5.000000 5.000000 5.000000
2 1708942514 0.000000 1 0.000000 0.000000 0.000000
3 1708942514 0.000000 1 0.000000 0.000000 0.000000
4 1708942514 0.000000 1 0.000000 0.000000 0.000000
1 1708942515 5.000000 1 5.000000 5.000000 5.000000
2 1708942515 0.000000 1 0.000000 0.000000 0.000000
3 1708942515 0.000000 1 0.000000 0.000000 0.000000
4 1708942515 0.000000 1 0.000000 0.000000 0.000000
1 1708942516 5.000000 1 5.000000 5.000000 5.000000
2 1708942516 0.000000 1 0.000000 0.000000 0.000000
3 1708942516 0.000000 1 0.000000 0.000000 0.000000
4 1708942516 0.000000 1 0.000000 0.000000 0.000000
1 1708942517 5.000000 1 5.000000 5.000000 5.000000
2 1708942517 0.000000 1 0.000000 0.000000 0.000000
3 1708942517 0.000000 1 0.000000 0.000000 0.000000
4 1708942517 0.000000 1 0.000000 0.000000 0.000000
1 1708942518 5.000000 1 5.000000 5.000000 5.000000
2 1708942518 0.000000 1 0.000000 0.000000 0.000000
3 1708942518 0.000000 1 0.000000 0.000000 0.000000
4 1708942518 0.000000 1 0.000000 0.000000 0.000000
1 1708942519 5.000000 1 5.000000 5.000000 5.000000
2 1708942519 0.000000 1 0.000000 0.000000 0.000000
3 1708942519 0.000000 1 0.000000 0.000000 0.000000
4 1708942519 0.000000 1 0.000000 0.000000 0.000000
1 1708942520 5.000000 1 5.000000 5.000000 5.000000
2 1708942520 0.000000 1 0.000000 0.000000 0.000000
3 1708942520 0.000000 1 0.000000 0.000000 0.000000
4 1708942520 0.000000 1 0.000000 0.000000 0.000000
1 1708942521 5.000000 1 5.000000 5.000000 5.000000
2 1708942521 0.000000 1 0.000000 0.000000 0.000000
3 1708942521 0.000000 1 0.000000 0.000000 0.000000
4 1708942521 0.000000 1 0.000000 0.000000 0.000000
1 1708942522 5.000000 1 5.000000 5.000000 5.000000
2 1708942522 0.000000 1 0.000000 0.000000 0.000000
3 1708942522 0.000000 1 0.000000 0.000000 0.000000
4 1708942522 0.000000 1 0.000000 0.000000 0.000000
1 1708942523 5.000000 1 5.000000 5.000000 5.000000
2 1708942523 0.000000 1 0.000000 0.000000 0.000000
3 1708942523 0.000000 1 0.000000 0.000000 0.000000
4 1708942523 0.000000 1 0.000000 0.000000 0.000000
1 1708942524 5.000000 1 5.000000 5.000000 5.000000
2 1708942524 0.000000 1 0.000000 0.000000 0.000000
3 1708942524 0.000000 1 0.000000 0.000000 0.000000
4 1708942524 0.000000 1 0.000000 0.000000 0.000000
1 1708942525 5.000000 1 5.000000 5.000000 5.000000
2 1708942525 0.000000 1 0.000000 0.000000 0.000000
3 1708942525 0.000000 1 0.000000 0.000000 0.000000
4 1708942525 0.000000 1 0.000000 0.000000 0.000000
1 1708942526 5.000000 1 5.000000 5.000000 5.000000
2 1708942526 0.000000 1 0.000000 0.000000 0.000000
3 1708942526 0.000000 1 0.000000 0.000000 0.000000
4 1708942526 0.000000 1 0.000000 0.000000 0.000000
1 1708942527 5.000000 1 5.000000 5.000000 5.000000
2 1708942527 0.000000 1 0.000000 0.000000 0.000000
3 1708942527 0.000000 1 0.000000 0.000000 0.000000
4 1708942527 0.000000 1 0.000000 0.000000 0.000000
1 1708942528 5.000000 1 5.000000 5.000000 5.000000
2 1708942528 0.000000 1 0.000000 0.000000 0.000000
3 1708942528 0.000000 1 0.000000 0.000000 0.000000
4 1708942528 0.000000 1 0.000000 0.000000 0.000000
1 1708942529 5.000000 1 5.000000 5.000000 5.000000
2 1708942529 0.000000 1 0.000000 0.000000 0.000000
3 1708942529 0.000000 1 0.000000 0.000000 0.000000
4 1708942529 0.000000 1 0.000000 0.000000 0.000000
1 1708942530 5.000000 1 5.000000 5.000000 5.000000
2 1708942530 0.000000 1 0.000000 0.000000 0.000000
3 1708942530 0.000000 1 0.000000 0.000000 0.000000
4 1708942530 0.000000 1 0.000000 0.000000 0.000000
1 1708942531 5.000000 1 5.000000 5.000000 5.000000
2 1708942531 0.000000 1 0.000000 0.000000 0.000000
3 1708942531 0.000000 1 0.000000 0.000000 0.000000
4 1708942531 0.000000 1 0.000000 0.000000 0.000000
1 1708942532 5.000000 1 5.000000 5.000000 5.000000
2 1708942532 0.000000 1 0.000000 0.000000 0.000000
3 1708942532 0.000000 1 0.000000 0.000000 0.000000
4 1708942532 0.000000 1 0.000000 0.000000 0.000000
1 1708942533 5.000000 1 5.000000 5.000000 5.000000
2 1708942533 0.000000 1 0.000000 0.000000 0.000000
3 1708942533 0.000000 1 0.000000 0.000000 0.000000
4 1708942533 0.000000 1 0.000000 0.000000 0.000000
1 1708942534 5.000000 1 5.000000 5.000000 5.000000
2 1708942534 0.000000 1 0.000000 0.000000 0.000000
3 1708942534 0.000000 1 0.000000 0.000000 0.000000
4 1708942534 0.000000 1 0.000000 0.000000 0.000000
1 1708942535 5.000000 1 5.000000 5.000000 5.000000
2 1708942535 0.000000 1 0.000000 0.000000 0.000000
3 1708942535 0.000000 1 0.000000 0.000000 0.000000
4 1708942535 0.000000 1 0.000000 0.000000 0.000000
1 1708942536 5.000000 1 5.000000 5.000000 5.000000
2 1708942536 0.000000 1 0.000000 0.000000 0.000000
3 1708942536 0.000000 1 0.000000 0.000000 0.000000
4 1708942536 0.000000 1 0.000000 0.000000 0.000000
1 1708942538 5.000000 1 5.000000 5.000000 5.000000
2 1708942538 0.000000 1 0.000000 0.000000 0.000000
3 1708942538 0.000000 1 0.000000 0.000000 0.000000
4 1708942538 0.000000 1 0.000000 0.000000 0.000000
1 1708942539 5.000000 1 5.000000 5.000000 5.000000
2 1708942539 0.000000 1 0.000000 0.000000 0.000000
3 1708942539 0.000000 1 0.000000 0.000000 0.000000
4 1708942539 0.000000 1 0.000000 0.000000 0.000000
1 1708942540 5.000000 1 5.000000 5.000000 5.000000
2 1708942540 0.000000 1 0.000000 0.000000 0.000000
3 1708942540 0.000000 1 0.000000 0.000000 0.000000
4 1708942540 0.000000 1 0.000000 0.000000 0.000000
1 1708942541 5.000000 1 5.000000 5.000000 5.000000
2 1708942541 0.000000 1 0.000000 0.000000 0.000000
3 1708942541 0.000000 1 0.000000 0.000000 0.000000
4 1708942541 0.000000 1 0.000000 0.000000 0.000000
1 1708942542 5.000000 1 5.000000 5.000000 5.000000
2 1708942542 0.000000 1 0.000000 0.000000 0.000000
3 1708942542 0.000000 1 0.000000 0.000000 0.000000
4 1708942542 0.000000 1 0.000000 0.000000 0.000000
1 1708942543 5.000000 1 5.000000 5.000000 5.000000
2 1708942543 0.000000 1 0.000000 0.000000 0.000000
3 1708942543 0.000000 1 0.000000 0.000000 0.000000
4 1708942543 0.000000 1 0.000000 0.000000 0.000000
1 1708942544 5.000000 1 5.000000 5.000000 5.000000
2 1708942544 0.000000 1 0.000000 0.000000 0.000000
3 1708942544 0.000000 1 0.000000 0.000000 0.000000
4 1708942544 0.000000 1 0.000000 0.000000 0.000000
1 1708942545 5.000000 1 5.000000 5.000000 5.000000
2 1708942545 0.000000 1 0.000000 0.000000 0.000000
3 1708942545 0.000000 1 0.000000 0.000000 0.000000
4 1708942545 0.000000 1 0.000000 0.000000 0.000000
1 1708942546 5.000000 1 5.000000 5.000000 5.000000
2 1708942546 0.000000 1 0.000000 0.000000 0.000000
3 1708942546 0.000000 1 0.000000 0.000000 0.000000
4 1708942546 0.000000 1 0.000000 0.000000 0.000000
1 1708942547 5.000000 1 5.000000 5.000000 5.000000
2 1708942547 0.000000 1 0.000000 0.000000 0.000000
3 1708942547 0.000000 1 0.000000 0.000000 0.000000
4 1708942547 0.000000 1 0.000000 0.000000 0.000000
1 1708942548 5.000000 1 5.000000 5.000000 5.000000
2 1708942548 0.000000 1 0.000000 0.000000 0.000000
3 1708942548 0.000000 1 0.000000 0.000000 0.000000
4 1708942548 0.000000 1 0.000000 0.000000 0.000000
1 1708942549 5.000000 1 5.000000 5.000000 5.000000
2 1708942549 0.000000 1 0.000000 0.000000 0.000000
3 1708942549 0.000000 1 0.000000 0.000000 0.000000
4 1708942549 0.000000 1 0.000000 0.000000 0.000000
1 1708942550 5.000000 1 5.000000 5.000000 5.000000
2 1708942550 0.000000 1 0.000000 0.000000 0.000000
3 1708942550 0.000000 1 0.000000 0.000000 0.000000
4 1708942550 0.000000 1 0.000000 0.000000 0.000000
1 1708942551 5.000000 1 5.000000 5.000000 5.000000
2 1708942551 0.000000 1 0.000000 0.000000 0.000000
3 1708942551 0.000000 1 0.000000 0.000000 0.000000
4 1708942551 0.000000 1 0.000000 0.000000 0.000000
1 1708942552 5.000000 1 5.000000 5.000000 5.000000
2 1708942552 0.000000 1 0.000000 0.000000 0.000000
3 1708942552 0.000000 1 0.000000 0.000000 0.000000
4 1708942552 0.000000 1 0.000000 0.000000 0.000000
1 1708942553 5.000000 1 5.000000 5.000000 5.000000
2 1708942553 0.000000 1 0.000000 0.000000 0.000000
3 1708942553 0.000000 1 0.000000 0.000000 0.000000
4 1708942553 0.000000 1 0.000000 0.000000 0.000000
1 1708942554 5.000000 1 5.000000 5.000000 5.000000
2 1708942554 0.000000 1 0.000000 0.000000 0.000000
3 1708942554 0.000000 1 0.000000 0.000000 0.000000
4 1708942554 0.000000 1 0.000000 0.000000 0.000000
1 1708942555 5.000000 1 5.000000 5.000000 5.000000
2 1708942555 0.000000 1 0.000000 0.000000 0.000000
3 1708942555 0.000000 1 0.000000 0.000000 0.000000
4 1708942555 0.000000 1 0.000000 0.000000 0.000000
1 1708942556 5.000000 1 5.000000 5.000000 5.000000
2 1708942556 0.000000 1 0.000000 0.000000 0.000000
3 1708942556 0.000000 1 0.000000 0.000000 0.000000
4 1708942556 0.000000 1 0.000000 0.000000 0.000000
1 1708942557 5.000000 1 5.000000 5.000000 5.000000
2 1708942557 0.000000 1 0.000000 0.000000 0.000000
3 1708942557 0.000000 1 0.000000 0.000000 0.000000
4 1708942557 0.000000 1 0.000000 0.000000 0.000000
1 1708942558 5.000000 1 5.000000 5.000000 5.000000
2 1708942558 0.000000 1 0.000000 0.000000 0.000000
3 1708942558 0.000000 1 0.000000 0.000000 0.000000
4 1708942558 0.000000 1 0.000000 0.000000 0.000000
1 1708942559 5.000000 1 5.000000 5.000000 5.000000
2 1708942559 0.000000 1 0.000000 0.000000 0.000000
3 1708942559 0.000000 1 0.000000 0.000000 0.000000
4 1708942559 0.000000 1 0.000000 0.000000 0.000000
1 1708942560 5.000000 1 5.000000 5.000000 5.000000
2 1708942560 0.000000 1 0.000000 0.000000 0.000000
3 1708942560 0.000000 1 0.000000 0.000000 0.000000
4 1708942560 0.000000 1 0.000000 0.000000 0.000000
1 1708942561 5.000000 1 5.000000 5.000000 5.000000
2 1708942561 0.000000 1 0.000000 0.000000 0.000000
3 1708942561 0.000000 1 0.000000 0.000000 0.000000
4 1708942561 0.000000 1 0.000000 0.000000 0.000000
1 1708942562 5.000000 1 5.000000 5.000000 5.000000
2 1708942562 0.000000 1 0.000000 0.000000 0.000000
3 1708942562 0.000000 1 0.000000 0.000000 0.000000
4 1708942562 0.000000 1 0.000000 0.000000 0.000000
1 1708942563 5.000000 1 5.000000 5.000000 5.000000
2 1708942563 0.000000 1 0.000000 0.000000 0.000000
3 1708942563 0.000000 1 0.000000 0.000000 0.000000
4 1708942563 0.000000 1 0.000000 0.000000 0.000000
1 1708942564 5.000000 1 5.000000 5.000000 5.000000
2 1708942564 0.000000 1 0.000000 0.000000 0.000000
3 1708942564 0.000000 1 0.000000 0.000000 0.000000
4 1708942564 0.000000 1 0.000000 0.000000 0.000000
1 1708942565 5.000000 1 5.000000 5.000000 5.000000
2 1708942565 0.000000 1 0.000000 0.000000 0.000000
3 1708942565 0.000000 1 0.000000 0.000000 0.000000
4 1708942565 0.000000 1 0.000000 0.000000 0.000000
1 1708942566 5.000000 1 5.000000 5.000000 5.000000
2 1708942566 0.000000 1 0.000000 0.000000 0.000000
3 1708942566 0.000000 1 0.000000 0.000000 0.000000
4 1708942566 0.000000 1 0.000000 0.000000 0.000000
1 1708942567 5.000000 1 5.000000 5.000000 5.000000
2 1708942567 0.000000 1 0.000000 0.000000 0.000000
3 1708942567 0.000000 1 0.000000 0.000000 0.000000
4 1708942567 0.000000 1 0.000000 0.000000 0.000000
1 1708942568 5.000000 1 5.000000 5.000000 5.000000
2 1708942568 0.000000 1 0.000000 0.000000 0.000000
3 1708942568 0.000000 1 0.000000 0.000000 0.000000
4 1708942568 0.000000 1 0.000000 0.000000 0.000000
1 1708942569 5.000000 1 5.000000 5.000000 5.000000
2 1708942569 0.000000 1 0.000000 0.000000 0.000000
3 1708942569 0.000000 1 0.000000 0.000000 0.000000
4 1708942569 0.000000 1 0.000000 0.000000 0.000000
1 1708942570 5.000000 1 5.000000 5.000000 5.000000
2 1708942570 0.000000 1 0.000000 0.000000 0.000000
3 1708942570 0.000000 1 0.000000 0.000000 0.000000
4 1708942570 0.000000 1 0.000000 0.000000 0.000000
1 1708942571 5.000000 1 5.000000 5.000000 5.000000
2 1708942571 0.000000 1 0.000000 0.000000 0.000000
3 1708942571 0.000000 1 0.000000 0.000000 0.000000
4 1708942571 0.000000 1 0.000000 0.000000 0.000000
1 1708942572 5.000000 1 5.000000 5.000000 5.000000
2 1708942572 0.000000 1 0.000000 0.000000 0.000000
3 1708942572 0.000000 1 0.000000 0.000000 0.000000
4 1708942572 0.000000 1 0.000000 0.000000 0.000000
1 1708942573 5.000000 1 5.000000 5.000000 5.000000
2 1708942573 0.000000 1 0.000000 0.000000 0.000000
3 1708942573 0.000000 1 0.000000 0.000000 0.000000
4 1708942573 0.000000 1 0.000000 0.000000 0.000000
1 1708942574 5.000000 1 5.000000 5.000000 5.000000
2 1708942574 0.000000 1 0.000000 0.000000 0.000000
3 1708942574 0.000000 1 0.000000 0.000000 0.000000
4 1708942574 0.000000 1 0.000000 0.000000 0.000000
1 1708942575 5.000000 1 5.000000 5.000000 5.000000
2 1708942575 0.000000 1 0.000000 0.000000 0.000000
3 1708942575 0.000000 1 0.000000 0.000000 0.000000
4 1708942575 0.000000 1 0.000000 0.000000 0.000000
1 1708942576 5.000000 1 5.000000 5.000000 5.000000
2 1708942576 0.000000 1 0.000000 0.000000 0.000000
3 1708942576 0.000000 1 0.000000 0.000000 0.000000
4 1708942576 0.000000 1 0.000000 0.000000 0.000000
1 1708942577 5.000000 1 5.000000 5.000000 5.000000
2 1708942577 0.000000 1 0.000000 0.000000 0.000000
3 1708942577 0.000000 1 0.000000 0.000000 0.000000
4 1708942577 0.000000 1 0.000000 0.000000 0.000000
1 1708942578 5.000000 1 5.000000 5.000000 5.000000
2 1708942578 0.000000 1 0.000000 0.000000 0.000000
3 1708942578 0.000000 1 0.000000 0.000000 0.000000
4 1708942578 0.000000 1 0.000000 0.000000 0.000000
1 1708942579 5.000000 1 5.000000 5.000000 5.000000
2 1708942579 0.000000 1 0.000000 0.000000 0.000000
3 1708942579 0.000000 1 0.000000 0.000000 0.000000
4 1708942579 0.000000 1 0.000000 0.000000 0.000000
1 1708942580 5.000000 1 5.000000 5.000000 5.000000
2 1708942580 0.000000 1 0.000000 0.000000 0.000000
3 1708942580 0.000000 1 0.000000 0.000000 0.000000
4 1708942580 0.000000 1 0.000000 0.000000 0.000000
1 1708942581 5.000000 1 5.000000 5.000000 5.000000
2 1708942581 0.000000 1 0.000000 0.000000 0.000000
3 1708942581 0.000000 1 0.000000 0.000000 0.000000
4 1708942581 0.000000 1 0.000000 0.000000 0.000000
1 1708942582 5.000000 1 5.000000 5.000000 5.000000
2 1708942582 0.000000 1 0.000000 0.000000 0.000000
3 1708942582 0.000000 1 0.000000 0.000000 0.000000
4 1708942582 0.000000 1 0.000000 0.000000 0.000000
1 1708942583 5.000000 1 5.000000 5.000000 5.000000
2 1708942583 0.000000 1 0.000000 0.000000 0.000000
3 1708942583 0.000000 1 0.000000 0.000000 0.000000
4 1708942583 0.000000 1 0.000000 0.000000 0.000000
1 1708942584 5.000000 1 5.000000 5.000000 5.000000
2 1708942584 0.000000 1 0.000000 0.000000 0.000000
3 1708942584 0.000000 1 0.000000 0.000000 0.000000
4 1708942584 0.000000 1 0.000000 0.000000 0.000000
1 1708942585 5.000000 1 5.000000 5.000000 5.000000
2 1708942585 0.000000 1 0.000000 0.000000 0.000000
3 1708942585 0.000000 1 0.000000 0.000000 0.000000
4 1708942585 0.000000 1 0.000000 0.000000 0.000000
1 1708942586 5.000000 1 5.000000 5.000000 5.000000
2 1708942586 0.000000 1 0.000000 0.000000 0.000000
3 1708942586 0.000000 1 0.000000 0.000000 0.000000
4 1708942586 0.000000 1 0.000000 0.000000 0.000000
1 1708942587 5.000000 1 5.000000 5.000000 5.000000
2 1708942587 0.000000 1 0.000000 0.000000 0.000000
3 1708942587 0.000000 1 0.000000 0.000000 0.000000
4 1708942587 0.000000 1 0.000000 0.000000 0.000000
1 1708942588 5.000000 1 5.000000 5.000000 5.000000
2 1708942588 0.000000 1 0.000000 0.000000 0.000000
3 1708942588 0.000000 1 0.000000 0.000000 0.000000
4 1708942588 0.000000 1 0.000000 0.000000 0.000000
1 1708942589 5.000000 1 5.000000 5.000000 5.000000
2 1708942589 0.000000 1 0.000000 0.000000 0.000000
3 1708942589 0.000000 1 0.000000 0.000000 0.000000
4 1708942589 0.000000 1 0.000000 0.000000 0.000000
1 1708942590 5.000000 1 5.000000 5.000000 5.000000
2 1708942590 0.000000 1 0.000000 0.000000 0.000000
3 1708942590 0.000000 1 0.000000 0.000000 0.000000
4 1708942590 0.000000 1 0.000000 0.000000 0.000000
1 1708942591 5.000000 1 5.000000 5.000000 5.000000
2 1708942591 0.000000 1 0.000000 0.000000 0.000000
3 1708942591 0.000000 1 0.000000 0.000000 0.000000
4 1708942591 0.000000 1 0.000000 0.000000 0.000000
1 1708942592 5.000000 1 5.000000 5.000000 5.000000
2 1708942592 0.000000 1 0.000000 0.000000 0.000000
3 1708942592 0.000000 1 0.000000 0.000000 0.000000
4 1708942592 0.000000 1 0.000000 0.000000 0.000000
1 1708942593 5.000000 1 5.000000 5.000000 5.000000
2 1708942593 0.000000 1 0.000000 0.000000 0.000000
3 1708942593 0.000000 1 0.000000 0.000000 0.000000
4 1708942593 0.000000 1 0.000000 0.000000 0.000000
1 1708942594 5.000000 1 5.000000 5.000000 5.000000
2 1708942594 0.000000 1 0.000000 0.000000 0.000000
3 1708942594 0.000000 1 0.000000 0.000000 0.000000
4 1708942594 0.000000 1 0.000000 0.000000 0.000000
1 1708942595 5.000000 1 5.000000 5.000000 5.000000
2 1708942595 0.000000 1 0.000000 0.000000 0.000000
3 1708942595 0.000000 1 0.000000 0.000000 0.000000
4 1708942595 0.000000 1 0.000000 0.000000 0.000000
1 1708942596 5.000000 1 5.000000 5.000000 5.000000
2 1708942596 0.000000 1 0.000000 0.000000 0.000000
3 1708942596 0.000000 1 0.000000 0.000000 0.000000
4 1708942596 0.000000 1 0.000000 0.000000 0.000000
1 1708942597 5.000000 1 5.000000 5.000000 5.000000
2 1708942597 0.000000 1 0.000000 0.000000 0.000000
3 1708942597 0.000000 1 0.000000 0.000000 0.000000
4 1708942597 0.000000 1 0.000000 0.000000 0.000000
1 1708942598 5.000000 1 5.000000 5.000000 5.000000
2 1708942598 0.000000 1 0.000000 0.000000 0.000000
3 1708942598 0.000000 1 0.000000 0.000000 0.000000
4 1708942598 0.000000 1 0.000000 0.000000 0.000000
1 1708942599 5.000000 1 5.000000 5.000000 5.000000
2 1708942599 0.000000 1 0.000000 0.000000 0.000000
3 1708942599 0.000000 1 0.000000 0.000000 0.000000
4 1708942599 0.000000 1 0.000000 0.000000 0.000000
1 1708942600 5.000000 1 5.000000 5.000000 5.000000
2 1708942600 0.000000 1 0.000000 0.000000 0.000000
3 1708942600 0.000000 1 0.000000 0.000000 0.000000
4 1708942600 0.000000 1 0.000000 0.000000 0.000000
1 1708942601 5.000000 1 5.000000 5.000000 5.000000
2 1708942601 0.000000 1 0.000000 0.000000 0.000000
3 1708942601 0.000000 1 0.000000 0.000000 0.000000
4 1708942601 0.000000 1 0.000000 0.000000 0.000000
1 1708942603 5.000000 1 5.000000 5.000000 5.000000
2 1708942603 0.000000 1 0.000000 0.000000 0.000000
3 1708942603 0.000000 1 0.000000 0.000000 0.000000
4 1708942603 0.000000 1 0.000000 0.000000 0.000000
1 1708942604 5.000000 1 5.000000 5.000000 5.000000
2 1708942604 0.000000 1 0.000000 0.000000 0.000000
3 1708942604 0.000000 1 0.000000 0.000000 0.000000
4 1708942604 0.000000 1 0.000000 0.000000 0.000000
1 1708942605 5.000000 1 5.000000 5.000000 5.000000
2 1708942605 0.000000 1 0.000000 0.000000 0.000000
3 1708942605 0.000000 1 0.000000 0.000000 0.000000
4 1708942605 0.000000 1 0.000000 0.000000 0.000000
1 1708942606 5.000000 1 5.000000 5.000000 5.000000
2 1708942606 0.000000 1 0.000000 0.000000 0.000000
3 1708942606 0.000000 1 0.000000 0.000000 0.000000
4 1708942606 0.000000 1 0.000000 0.000000 0.000000
1 1708942607 5.000000 1 5.000000 5.000000 5.000000
2 1708942607 0.000000 1 0.000000 0.000000 0.000000
3 1708942607 0.000000 1 0.000000 0.000000 0.000000
4 1708942607 0.000000 1 0.000000 0.000000 0.000000
1 1708942608 5.000000 1 5.000000 5.000000 5.000000
2 1708942608 0.000000 1 0.000000 0.000000 0.000000
3 1708942608 0.000000 1 0.000000 0.000000 0.000000
4 1708942608 0.000000 1 0.000000 0.000000 0.000000
1 1708942609 5.000000 1 5.000000 5.000000 5.000000
2 1708942609 0.000000 1 0.000000 0.000000 0.000000
3 1708942609 0.000000 1 0.000000 0.000000 0.000000
4 1708942609 0.000000 1 0.000000 0.000000 0.000000
1 1708942610 5.000000 1 5.000000 5.000000 5.000000
2 1708942610 0.000000 1 0.000000 0.000000 0.000000
3 1708942610 0.000000 1 0.000000 0.000000 0.000000
4 1708942610 0.000000 1 0.000000 0.000000 0.000000
1 1708942611 5.000000 1 5.000000 5.000000 5.000000
2 1708942611 0.000000 1 0.000000 0.000000 0.000000
3 1708942611 0.000000 1 0.000000 0.000000 0.000000
4 1708942611 0.000000 1 0.000000 0.000000 0.000000
1 1708942612 5.000000 1 5.000000 5.000000 5.000000
2 1708942612 0.000000 1 0.000000 0.000000 0.000000
3 1708942612 0.000000 1 0.000000 0.000000 0.000000
4 1708942612 0.000000 1 0.000000 0.000000 0.000000
1 1708942613 5.000000 1 5.000000 5.000000 5.000000
2 1708942613 0.000000 1 0.000000 0.000000 0.000000
3 1708942613 0.000000 1 0.000000 0.000000 0.000000
4 1708942613 0.000000 1 0.000000 0.000000 0.000000
1 1708942614 5.000000 1 5.000000 5.000000 5.000000
2 1708942614 0.000000 1 0.000000 0.000000 0.000000
3 1708942614 0.000000 1 0.000000 0.000000 0.000000
4 1708942614 0.000000 1 0.000000 0.000000 0.000000
1 1708942615 5.000000 1 5.000000 5.000000 5.000000
2 1708942615 0.000000 1 0.000000 0.000000 0.000000
3 1708942615 0.000000 1 0.000000 0.000000 0.000000
4 1708942615 0.000000 1 0.000000 0.000000 0.000000
1 1708942616 5.000000 1 5.000000 5.000000 5.000000
2 1708942616 0.000000 1 0.000000 0.000000 0.000000
3 1708942616 0.000000 1 0.000000 0.000000 0.000000
4 1708942616 0.000000 1 0.000000 0.000000 0.000000
1 1708942617 5.000000 1 5.000000 5.000000 5.000000
2 1708942617 0.000000 1 0.000000 0.000000 0.000000
3 1708942617 0.000000 1 0.000000 0.000000 0.000000
4 1708942617 0.000000 1 0.000000 0.000000 0.000000
1 1708942618 5.000000 1 5.000000 5.000000 5.000000
2 1708942618 0.000000 1 0.000000 0.000000 0.000000
3 1708942618 0.000000 1 0.000000 0.000000 0.000000
4 1708942618 0.000000 1 0.000000 0.000000 0.000000
1 1708942619 5.000000 1 5.000000 5.000000 5.000000
2 1708942619 0.000000 1 0.000000 0.000000 0.000000
3 1708942619 0.000000 1 0.000000 0.000000 0.000000
4 1708942619 0.000000 1 0.000000 0.000000 0.000000
1 1708942620 5.000000 1 5.000000 5.000000 5.000000
2 1708942620 0.000000 1 0.000000 0.000000 0.000000
3 1708942620 0.000000 1 0.000000 0.000000 0.000000
4 1708942620 0.000000 1 0.000000 0.000000 0.000000
1 1708942621 5.000000 1 5.000000 5.000000 5.000000
2 1708942621 0.000000 1 0.000000 0.000000 0.000000
3 1708942621 0.000000 1 0.000000 0.000000 0.000000
4 1708942621 0.000000 1 0.000000 0.000000 0.000000
1 1708942622 5.000000 1 5.000000 5.000000 5.000000
2 1708942622 0.000000 1 0.000000 0.000000 0.000000
3 1708942622 0.000000 1 0.000000 0.000000 0.000000
4 1708942622 0.000000 1 0.000000 0.000000 0.000000
1 1708942623 5.000000 1 5.000000 5.000000 5.000000
2 1708942623 0.000000 1 0.000000 0.000000 0.000000
3 1708942623 0.000000 1 0.000000 0.000000 0.000000
4 1708942623 0.000000 1 0.000000 0.000000 0.000000
1 1708942624 5.000000 1 5.000000 5.000000 5.000000
2 1708942624 0.000000 1 0.000000 0.000000 0.000000
3 1708942624 0.000000 1 0.000000 0.000000 0.000000
4 1708942624 0.000000 1 0.000000 0.000000 0.000000
1 1708942625 5.000000 1 5.000000 5.000000 5.000000
2 1708942625 0.000000 1 0.000000 0.000000 0.000000
3 1708942625 0.000000 1 0.000000 0.000000 0.000000
4 1708942625 0.000000 1 0.000000 0.000000 0.000000
1 1708942626 5.000000 1 5.000000 5.000000 5.000000
2 1708942626 0.000000 1 0.000000 0.000000 0.000000
3 1708942626 0.000000 1 0.000000 0.000000 0.000000
4 1708942626 0.000000 1 0.000000 0.000000 0.000000
1 1708942627 5.000000 1 5.000000 5.000000 5.000000
2 1708942627 0.000000 1 0.000000 0.000000 0.000000
3 1708942627 0.000000 1 0.000000 0.000000 0.000000
4 1708942627 0.000000 1 0.000000 0.000000 0.000000
1 1708942628 5.000000 1 5.000000 5.000000 5.000000
2 1708942628 0.000000 1 0.000000 0.000000 0.000000
3 1708942628 0.000000 1 0.000000 0.000000 0.000000
4 1708942628 0.000000 1 0.000000 0.000000 0.000000
1 1708942629 5.000000 1 5.000000 5.000000 5.000000
2 1708942629 0.000000 1 0.000000 0.000000 0.000000
3 1708942629 0.000000 1 0.000000 0.000000 0.000000
4 1708942629 0.000000 1 0.000000 0.000000 0.000000
1 1708942630 5.000000 1 5.000000 5.000000 5.000000
2 1708942630 0.000000 1 0.000000 0.000000 0.000000
3 1708942630 0.000000 1 0.000000 0.000000 0.000000
4 1708942630 0.000000 1 0.000000 0.000000 0.000000
1 1708942631 5.000000 1 5.000000 5.000000 5.000000
2 1708942631 0.000000 1 0.000000 0.000000 0.000000
3 1708942631 0.000000 1 0.000000 0.000000 0.000000
4 1708942631 0.000000 1 0.000000 0.000000 0.000000
1 1708942632 5.000000 1 5.000000 5.000000 5.000000
2 1708942632 0.000000 1 0.000000 0.000000 0.000000
3 1708942632 0.000000 1 0.000000 0.000000 0.000000
4 1708942632 0.000000 1 0.000000 0.000000 0.000000
1 1708942633 5.000000 1 5.000000 5.000000 5.000000
2 1708942633 0.000000 1 0.000000 0.000000 0.000000
3 1708942633 0.000000 1 0.000000 0.000000 0.000000
4 1708942633 0.000000 1 0.000000 0.000000 0.000000
1 1708942634 5.000000 1 5.000000 5.000000 5.000000
2 1708942634 0.000000 1 0.000000 0.000000 0.000000
3 1708942634 0.000000 1 0.000000 0.000000 0.000000
4 1708942634 0.000000 1 0.000000 0.000000 0.000000
1 1708942635 5.000000 1 5.000000 5.000000 5.000000
2 1708942635 0.000000 1 0.000000 0.000000 0.000000
3 1708942635 0.000000 1 0.000000 0.000000 0.000000
4 1708942635 0.000000 1 0.000000 0.000000 0.000000
1 1708942636 5.000000 1 5.000000 5.000000 5.000000
2 1708942636 0.000000 1 0.000000 0.000000 0.000000
3 1708942636 0.000000 1 0.000000 0.000000 0.000000
4 1708942636 0.000000 1 0.000000 0.000000 0.000000
1 1708942637 5.000000 1 5.000000 5.000000 5.000000
2 1708942637 0.000000 1 0.000000 0.000000 0.000000
3 1708942637 0.000000 1 0.000000 0.000000 0.000000
4 1708942637 0.000000 1 0.000000 0.000000 0.000000
1 1708942638 5.000000 1 5.000000 5.000000 5.000000
2 1708942638 0.000000 1 0.000000 0.000000 0.000000
3 1708942638 0.000000 1 0.000000 0.000000 0.000000
4 1708942638 0.000000 1 0.000000 0.000000 0.000000
1 1708942639 5.000000 1 5.000000 5.000000 5.000000
2 1708942639 0.000000 1 0.000000 0.000000 0.000000
3 1708942639 0.000000 1 0.000000 0.000000 0.000000
4 1708942639 0.000000 1 0.000000 0.000000 0.000000
1 1708942640 5.000000 1 5.000000 5.000000 5.000000
2 1708942640 0.000000 1 0.000000 0.000000 0.000000
3 1708942640 0.000000 1 0.000000 0.000000 0.000000
4 1708942640 0.000000 1 0.000000 0.000000 0.000000
1 1708942641 5.000000 1 5.000000 5.000000 5.000000
2 1708942641 0.000000 1 0.000000 0.000000 0.000000
3 1708942641 0.000000 1 0.000000 0.000000 0.000000
4 1708942641 0.000000 1 0.000000 0.000000 0.000000
1 1708942642 5.000000 1 5.000000 5.000000 5.000000
2 1708942642 0.000000 1 0.000000 0.000000 0.000000
3 1708942642 0.000000 1 0.000000 0.000000 0.000000
4 1708942642 0.000000 1 0.000000 0.000000 0.000000
1 1708942643 5.000000 1 5.000000 5.000000 5.000000
2 1708942643 0.000000 1 0.000000 0.000000 0.000000
3 1708942643 0.000000 1 0.000000 0.000000 0.000000
4 1708942643 0.000000 1 0.000000 0.000000 0.000000
1 1708942644 5.000000 1 5.000000 5.000000 5.000000
2 1708942644 0.000000 1 0.000000 0.000000 0.000000
3 1708942644 0.000000 1 0.000000 0.000000 0.000000
4 1708942644 0.000000 1 0.000000 0.000000 0.000000
1 1708942645 5.000000 1 5.000000 5.000000 5.000000
2 1708942645 0.000000 1 0.000000 0.000000 0.000000
3 1708942645 0.000000 1 0.000000 0.000000 0.000000
4 1708942645 0.000000 1 0.000000 0.000000 0.000000
1 1708942646 5.000000 1 5.000000 5.000000 5.000000
2 1708942646 0.000000 1 0.000000 0.000000 0.000000
3 1708942646 0.000000 1 0.000000 0.000000 0.000000
4 1708942646 0.000000 1 0.000000 0.000000 0.000000
1 1708942647 5.000000 1 5.000000 5.000000 5.000000
2 1708942647 0.000000 1 0.000000 0.000000 0.000000
3 1708942647 0.000000 1 0.000000 0.000000 0.000000
4 1708942647 0.000000 1 0.000000 0.000000 0.000000
1 1708942648 5.000000 1 5.000000 5.000000 5.000000
2 1708942648 0.000000 1 0.000000 0.000000 0.000000
3 1708942648 0.000000 1 0.000000 0.000000 0.000000
4 1708942648 0.000000 1 0.000000 0.000000 0.000000
1 1708942649 5.000000 1 5.000000 5.000000 5.000000
2 1708942649 0.000000 1 0.000000 0.000000 0.000000
3 1708942649 0.000000 1 0.000000 0.000000 0.000000
4 1708942649 0.000000 1 0.000000 0.000000 0.000000
1 1708942650 5.000000 1 5.000000 5.000000 5.000000
2 1708942650 0.000000 1 0.000000 0.000000 0.000000
3 1708942650 0.000000 1 0.000000 0.000000 0.000000
4 1708942650 0.000000 1 0.000000 0.000000 0.000000
1 1708942651 5.000000 1 5.000000 5.000000 5.000000
2 1708942651 0.000000 1 0.000000 0.000000 0.000000
3 1708942651 0.000000 1 0.000000 0.000000 0.000000
4 1708942651 0.000000 1 0.000000 0.000000 0.000000
1 1708942652 3.000000 1 3.000000 3.000000 3.000000
2 1708942652 0.000000 1 0.000000 0.000000 0.000000
3 1708942652 2.000000 1 2.000000 2.000000 2.000000
4 1708942652 0.000000 1 0.000000 0.000000 0.000000
1 1708942653 3.000000 1 3.000000 3.000000 3.000000
2 1708942653 0.000000 1 0.000000 0.000000 0.000000
3 1708942653 2.000000 1 2.000000 2.000000 2.000000
4 1708942653 0.000000 1 0.000000 0.000000 0.000000
1 1708942654 3.000000 1 3.000000 3.000000 3.000000
2 1708942654 0.000000 1 0.000000 0.000000 0.000000
3 1708942654 2.000000 1 2.000000 2.000000 2.000000
4 1708942654 0.000000 1 0.000000 0.000000 0.000000
1 1708942655 3.000000 1 3.000000 3.000000 3.000000
2 1708942655 0.000000 1 0.000000 0.000000 0.000000
3 1708942655 2.000000 1 2.000000 2.000000 2.000000
4 1708942655 0.000000 1 0.000000 0.000000 0.000000
1 1708942656 3.000000 1 3.000000 3.000000 3.000000
2 1708942656 0.000000 1 0.000000 0.000000 0.000000
3 1708942656 2.000000 1 2.000000 2.000000 2.000000
4 1708942656 0.000000 1 0.000000 0.000000 0.000000
1 1708942657 3.000000 1 3.000000 3.000000 3.000000
2 1708942657 0.000000 1 0.000000 0.000000 0.000000
3 1708942657 2.000000 1 2.000000 2.000000 2.000000
4 1708942657 0.000000 1 0.000000 0.000000 0.000000
1 1708942658 3.000000 1 3.000000 3.000000 3.000000
2 1708942658 0.000000 1 0.000000 0.000000 0.000000
3 1708942658 2.000000 1 2.000000 2.000000 2.000000
4 1708942658 0.000000 1 0.000000 0.000000 0.000000
1 1708942659 3.000000 1 3.000000 3.000000 3.000000
2 1708942659 0.000000 1 0.000000 0.000000 0.000000
3 1708942659 2.000000 1 2.000000 2.000000 2.000000
4 1708942659 0.000000 1 0.000000 0.000000 0.000000
1 1708942660 3.000000 1 3.000000 3.000000 3.000000
2 1708942660 0.000000 1 0.000000 0.000000 0.000000
3 1708942660 2.000000 1 2.000000 2.000000 2.000000
4 1708942660 0.000000 1 0.000000 0.000000 0.000000
1 1708942661 3.000000 1 3.000000 3.000000 3.000000
2 1708942661 0.000000 1 0.000000 0.000000 0.000000
3 1708942661 2.000000 1 2.000000 2.000000 2.000000
4 1708942661 0.000000 1 0.000000 0.000000 0.000000
1 1708942662 3.000000 1 3.000000 3.000000 3.000000
2 1708942662 0.000000 1 0.000000 0.000000 0.000000
3 1708942662 2.000000 1 2.000000 2.000000 2.000000
4 1708942662 0.000000 1 0.000000 0.000000 0.000000
1 1708942663 3.000000 1 3.000000 3.000000 3.000000
2 1708942663 0.000000 1 0.000000 0.000000 0.000000
3 1708942663 2.000000 1 2.000000 2.000000 2.000000
4 1708942663 0.000000 1 0.000000 0.000000 0.000000
1 1708942664 3.000000 1 3.000000 3.000000 3.000000
2 1708942664 0.000000 1 0.000000 0.000000 0.000000
3 1708942664 2.000000 1 2.000000 2.000000 2.000000
4 1708942664 0.000000 1 0.000000 0.000000 0.000000
1 1708942665 3.000000 1 3.000000 3.000000 3.000000
2 1708942665 0.000000 1 0.000000 0.000000 0.000000
3 1708942665 2.000000 1 2.000000 2.000000 2.000000
4 1708942665 0.000000 1 0.000000 0.000000 0.000000
1 1708942667 3.000000 1 3.000000 3.000000 3.000000
2 1708942667 0.000000 1 0.000000 0.000000 0.000000
3 1708942667 2.000000 1 2.000000 2.000000 2.000000
4 1708942667 0.000000 1 0.000000 0.000000 0.000000
1 1708942668 2.000000 1 2.000000 2.000000 2.000000
2 1708942668 0.000000 1 0.000000 0.000000 0.000000
3 1708942668 3.000000 1 3.000000 3.000000 3.000000
4 1708942668 0.000000 1 0.000000 0.000000 0.000000
1 1708942669 2.000000 1 2.000000 2.000000 2.000000
2 1708942669 0.000000 1 0.000000 0.000000 0.000000
3 1708942669 3.000000 1 3.000000 3.000000 3.000000
4 1708942669 0.000000 1 0.000000 0.000000 0.000000
1 1708942670 2.000000 1 2.000000 2.000000 2.000000
2 1708942670 0.000000 1 0.000000 0.000000 0.000000
3 1708942670 3.000000 1 3.000000 3.000000 3.000000
4 1708942670 0.000000 1 0.000000 0.000000 0.000000
1 1708942671 2.000000 1 2.000000 2.000000 2.000000
2 1708942671 0.000000 1 0.000000 0.000000 0.000000
3 1708942671 3.000000 1 3.000000 3.000000 3.000000
4 1708942671 0.000000 1 0.000000 0.000000 0.000000
1 1708942672 2.000000 1 2.000000 2.000000 2.000000
2 1708942672 0.000000 1 0.000000 0.000000 0.000000
3 1708942672 3.000000 1 3.000000 3.000000 3.000000
4 1708942672 0.000000 1 0.000000 0.000000 0.000000
1 1708942673 2.000000 1 2.000000 2.000000 2.000000
2 1708942673 0.000000 1 0.000000 0.000000 0.000000
3 1708942673 3.000000 1 3.000000 3.000000 3.000000
4 1708942673 0.000000 1 0.000000 0.000000 0.000000
1 1708942674 2.000000 1 2.000000 2.000000 2.000000
2 1708942674 0.000000 1 0.000000 0.000000 0.000000
3 1708942674 3.000000 1 3.000000 3.000000 3.000000
4 1708942674 0.000000 1 0.000000 0.000000 0.000000
1 1708942675 2.000000 1 2.000000 2.000000 2.000000
2 1708942675 0.000000 1 0.000000 0.000000 0.000000
3 1708942675 3.000000 1 3.000000 3.000000 3.000000
4 1708942675 0.000000 1 0.000000 0.000000 0.000000
1 1708942676 2.000000 1 2.000000 2.000000 2.000000
2 1708942676 0.000000 1 0.000000 0.000000 0.000000
3 1708942676 3.000000 1 3.000000 3.000000 3.000000
4 1708942676 0.000000 1 0.000000 0.000000 0.000000
1 1708942677 2.000000 1 2.000000 2.000000 2.000000
2 1708942677 0.000000 1 0.000000 0.000000 0.000000
3 1708942677 3.000000 1 3.000000 3.000000 3.000000
4 1708942677 0.000000 1 0.000000 0.000000 0.000000
1 1708942678 2.000000 1 2.000000 2.000000 2.000000
2 1708942678 0.000000 1 0.000000 0.000000 0.000000
3 1708942678 3.000000 1 3.000000 3.000000 3.000000
4 1708942678 0.000000 1 0.000000 0.000000 0.000000
1 1708942679 2.000000 1 2.000000 2.000000 2.000000
2 1708942679 0.000000 1 0.000000 0.000000 0.000000
3 1708942679 3.000000 1 3.000000 3.000000 3.000000
4 1708942679 0.000000 1 0.000000 0.000000 0.000000
1 1708942680 2.000000 1 2.000000 2.000000 2.000000
2 1708942680 0.000000 1 0.000000 0.000000 0.000000
3 1708942680 3.000000 1 3.000000 3.000000 3.000000
4 1708942680 0.000000 1 0.000000 0.000000 0.000000
1 1708942681 2.000000 1 2.000000 2.000000 2.000000
2 1708942681 0.000000 1 0.000000 0.000000 0.000000
3 1708942681 3.000000 1 3.000000 3.000000 3.000000
4 1708942681 0.000000 1 0.000000 0.000000 0.000000
1 1708942682 2.000000 1 2.000000 2.000000 2.000000
2 1708942682 0.000000 1 0.000000 0.000000 0.000000
3 1708942682 3.000000 1 3.000000 3.000000 3.000000
4 1708942682 0.000000 1 0.000000 0.000000 0.000000
1 1708942683 2.000000 1 2.000000 2.000000 2.000000
2 1708942683 0.000000 1 0.000000 0.000000 0.000000
3 1708942683 3.000000 1 3.000000 3.000000 3.000000
4 1708942683 0.000000 1 0.000000 0.000000 0.000000
1 1708942684 2.000000 1 2.000000 2.000000 2.000000
2 1708942684 0.000000 1 0.000000 0.000000 0.000000
3 1708942684 3.000000 1 3.000000 3.000000 3.000000
4 1708942684 0.000000 1 0.000000 0.000000 0.000000
1 1708942685 1.000000 1 1.000000 1.000000 1.000000
2 1708942685 0.000000 1 0.000000 0.000000 0.000000
3 1708942685 4.000000 1 4.000000 4.000000 4.000000
4 1708942685 0.000000 1 0.000000 0.000000 0.000000
1 1708942686 1.000000 1 1.000000 1.000000 1.000000
2 1708942686 0.000000 1 0.000000 0.000000 0.000000
3 1708942686 4.000000 1 4.000000 4.000000 4.000000
4 1708942686 0.000000 1 0.000000 0.000000 0.000000
1 1708942687 1.000000 1 1.000000 1.000000 1.000000
2 1708942687 0.000000 1 0.000000 0.000000 0.000000
3 1708942687 4.000000 1 4.000000 4.000000 4.000000
4 1708942687 0.000000 1 0.000000 0.000000 0.000000
1 1708942688 1.000000 1 1.000000 1.000000 1.000000
2 1708942688 0.000000 1 0.000000 0.000000 0.000000
3 1708942688 4.000000 1 4.000000 4.000000 4.000000
4 1708942688 0.000000 1 0.000000 0.000000 0.000000
1 1708942689 1.000000 1 1.000000 1.000000 1.000000
2 1708942689 0.000000 1 0.000000 0.000000 0.000000
3 1708942689 4.000000 1 4.000000 4.000000 4.000000
4 1708942689 0.000000 1 0.000000 0.000000 0.000000
1 1708942690 1.000000 1 1.000000 1.000000 1.000000
2 1708942690 0.000000 1 0.000000 0.000000 0.000000
3 1708942690 4.000000 1 4.000000 4.000000 4.000000
4 1708942690 0.000000 1 0.000000 0.000000 0.000000
1 1708942691 1.000000 1 1.000000 1.000000 1.000000
2 1708942691 0.000000 1 0.000000 0.000000 0.000000
3 1708942691 4.000000 1 4.000000 4.000000 4.000000
4 1708942691 0.000000 1 0.000000 0.000000 0.000000
1 1708942692 1.000000 1 1.000000 1.000000 1.000000
2 1708942692 0.000000 1 0.000000 0.000000 0.000000
3 1708942692 4.000000 1 4.000000 4.000000 4.000000
4 1708942692 0.000000 1 0.000000 0.000000 0.000000
1 1708942693 1.000000 1 1.000000 1.000000 1.000000
2 1708942693 0.000000 1 0.000000 0.000000 0.000000
3 1708942693 4.000000 1 4.000000 4.000000 4.000000
4 1708942693 0.000000 1 0.000000 0.000000 0.000000
1 1708942694 0.000000 1 0.000000 0.000000 0.000000
2 1708942694 0.000000 1 0.000000 0.000000 0.000000
3 1708942694 5.000000 1 5.000000 5.000000 5.000000
4 1708942694 0.000000 1 0.000000 0.000000 0.000000
